200            7
400            8
600            9
800            9
1000            9
1200           10
1400           10
1600           10
1800           10
2000           10
2200           10
2400           11
2600           11
2800           11
3000           11
3200           11
3400           11
3600           11
3800           11
4000           11
4200           11
4400           11
4600           12
4800           12
5000           12
5200           12
5400           12
5600           12
5800           12
6000           12
6200           12
6400           12
6600           12
6800           12
7000           12
7200           12
7400           12
7600           12
7800           12
8000           12
8200           12
8400           12
8600           12
8800           12
9000           12
9200           13
9400           13
9600           13
9800           13
10000           13
10200           13
10400           13
10600           13
10800           13
11000           13
11200           13
11400           13
11600           13
11800           13
12000           13
12200           13
12400           13
12600           13
12800           13
13000           13
13200           13
13400           13
13600           13
13800           13
14000           13
14200           13
14400           13
14600           13
14800           13
15000           13
15200           13
15400           13
15600           13
15800           13
16000           13
16200           13
16400           13
16600           13
16800           13
17000           13
17200           13
17400           13
17600           13
17800           13
18000           13
18200           13
18400           14
18600           14
18800           14
19000           14
19200           14
19400           14
19600           14
19800           14
20000           14
20200           14
20400           14
20600           14
20800           14
21000           14
21200           14
21400           14
21600           14
21800           14
22000           14
22200           14
22400           14
22600           14
22800           14
23000           14
23200           14
23400           14
23600           14
23800           14
24000           14
24200           14
24400           14
24600           14
24800           14
25000           14
25200           14
25400           14
25600           14
25800           14
26000           14
26200           14
26400           14
26600           14
26800           14
27000           14
27200           14
27400           14
27600           14
27800           14
28000           14
28200           14
28400           14
28600           14
28800           14
29000           14
29200           14
29400           14
29600           14
29800           14
30000           14
30200           14
30400           14
30600           14
30800           14
31000           14
31200           14
31400           14
31600           14
31800           14
32000           14
32200           14
32400           14
32600           14
32800           14
33000           14
33200           14
33400           14
33600           14
33800           14
34000           14
34200           14
34400           14
34600           14
34800           14
35000           14
35200           14
35400           14
35600           14
35800           14
36000           14
36200           14
36400           14
36600           15
36800           15
37000           15
37200           15
37400           15
37600           15
37800           15
38000           15
38200           15
38400           15
38600           15
38800           15
39000           15
39200           15
39400           15
39600           15
39800           15
40000           15
40200           15
40400           15
40600           15
40800           15
41000           15
41200           15
41400           15
41600           15
41800           15
42000           15
42200           15
42400           15
42600           15
42800           15
43000           15
43200           15
43400           15
43600           15
43800           15
44000           15
44200           15
44400           15
44600           15
44800           15
45000           15
45200           15
45400           15
45600           15
45800           15
46000           15
46200           15
46400           15
46600           15
46800           15
47000           15
47200           15
47400           15
47600           15
47800           15
48000           15
48200           15
48400           15
48600           15
48800           15
49000           15
49200           15
49400           15
49600           15
49800           15
50000           15
50200           15
50400           15
50600           15
50800           15
51000           15
51200           15
51400           15
51600           15
51800           15
52000           15
52200           15
52400           15
52600           15
52800           15
53000           15
53200           15
53400           15
53600           15
53800           15
54000           15
54200           15
54400           15
54600           15
54800           15
55000           15
55200           15
55400           15
55600           15
55800           15
56000           15
56200           15
56400           15
56600           15
56800           15
57000           15
57200           15
57400           15
57600           15
57800           15
58000           15
58200           15
58400           15
58600           15
58800           15
59000           15
59200           15
59400           15
59600           15
59800           15
60000           15
60200           15
60400           15
60600           15
60800           15
61000           15
61200           15
61400           15
61600           15
61800           15
62000           15
62200           15
62400           15
62600           15
62800           15
63000           15
63200           15
63400           15
63600           15
63800           15
64000           15
64200           15
64400           15
64600           15
64800           15
65000           15
65200           15
65400           15
65600           15
65800           15
66000           15
66200           15
66400           15
66600           15
66800           15
67000           15
67200           15
67400           15
67600           15
67800           15
68000           15
68200           15
68400           15
68600           15
68800           15
69000           15
69200           15
69400           15
69600           15
69800           15
70000           15
70200           15
70400           15
70600           15
70800           15
71000           15
71200           15
71400           15
71600           15
71800           15
72000           15
72200           15
72400           15
72600           15
72800           15
73000           16
73200           16
73400           16
73600           16
73800           16
74000           16
74200           16
74400           16
74600           16
74800           16
75000           16
75200           16
75400           16
75600           16
75800           16
76000           16
76200           16
76400           16
76600           16
76800           16
77000           16
77200           16
77400           16
77600           16
77800           16
78000           16
78200           16
78400           16
78600           16
78800           16
79000           16
79200           16
79400           16
79600           16
79800           16
80000           16
80200           16
80400           16
80600           16
80800           16
81000           16
81200           16
81400           16
81600           16
81800           16
82000           16
82200           16
82400           16
82600           16
82800           16
83000           16
83200           16
83400           16
83600           16
83800           16
84000           16
84200           16
84400           16
84600           16
84800           16
85000           16
85200           16
85400           16
85600           16
85800           16
86000           16
86200           16
86400           16
86600           16
86800           16
87000           16
87200           16
87400           16
87600           16
87800           16
88000           16
88200           16
88400           16
88600           16
88800           16
89000           16
89200           16
89400           16
89600           16
89800           16
90000           16
90200           16
90400           16
90600           16
90800           16
91000           16
91200           16
91400           16
91600           16
91800           16
92000           16
92200           16
92400           16
92600           16
92800           16
93000           16
93200           16
93400           16
93600           16
93800           16
94000           16
94200           16
94400           16
94600           16
94800           16
95000           16
95200           16
95400           16
95600           16
95800           16
96000           16
96200           16
96400           16
96600           16
96800           16
97000           16
97200           16
97400           16
97600           16
97800           16
98000           16
98200           16
98400           16
98600           16
98800           16
99000           16
99200           16
99400           16
99600           16
99800           16
100000           16
100200           16
100400           16
100600           16
100800           16
101000           16
101200           16
101400           16
101600           16
101800           16
102000           16
102200           16
102400           16
102600           16
102800           16
103000           16
103200           16
103400           16
103600           16
103800           16
104000           16
104200           16
104400           16
104600           16
104800           16
105000           16
105200           16
105400           16
105600           16
105800           16
106000           16
106200           16
106400           16
106600           16
106800           16
107000           16
107200           16
107400           16
107600           16
107800           16
108000           16
108200           16
108400           16
108600           16
108800           16
109000           16
109200           16
109400           16
109600           16
109800           16
110000           16
110200           16
110400           16
110600           16
110800           16
111000           16
111200           16
111400           16
111600           16
111800           16
112000           16
112200           16
112400           16
112600           16
112800           16
113000           16
113200           16
113400           16
113600           16
113800           16
114000           16
114200           16
114400           16
114600           16
114800           16
115000           16
115200           16
115400           16
115600           16
115800           16
116000           16
116200           16
116400           16
116600           16
116800           16
117000           16
117200           16
117400           16
117600           16
117800           16
118000           16
118200           16
118400           16
118600           16
118800           16
119000           16
119200           16
119400           16
119600           16
119800           16
120000           16
120200           16
120400           16
120600           16
120800           16
121000           16
121200           16
121400           16
121600           16
121800           16
122000           16
122200           16
122400           16
122600           16
122800           16
123000           16
123200           16
123400           16
123600           16
123800           16
124000           16
124200           16
124400           16
124600           16
124800           16
125000           16
125200           16
125400           16
125600           16
125800           16
126000           16
126200           16
126400           16
126600           16
126800           16
127000           16
127200           16
127400           16
127600           16
127800           16
128000           16
128200           16
128400           16
128600           16
128800           16
129000           16
129200           16
129400           16
129600           16
129800           16
130000           16
130200           16
130400           16
130600           16
130800           16
131000           16
131200           16
131400           16
131600           16
131800           16
132000           16
132200           16
132400           16
132600           16
132800           16
133000           16
133200           16
133400           16
133600           16
133800           16
134000           16
134200           16
134400           16
134600           16
134800           16
135000           16
135200           16
135400           16
135600           16
135800           16
136000           16
136200           16
136400           16
136600           16
136800           16
137000           16
137200           16
137400           16
137600           16
137800           16
138000           16
138200           16
138400           16
138600           16
138800           16
139000           16
139200           16
139400           16
139600           16
139800           16
140000           16
140200           16
140400           16
140600           16
140800           16
141000           16
141200           16
141400           16
141600           16
141800           16
142000           16
142200           16
142400           16
142600           16
142800           16
143000           16
143200           16
143400           16
143600           16
143800           16
144000           16
144200           16
144400           16
144600           16
144800           16
145000           16
145200           16
145400           16
145600           16
145800           17
146000           17
146200           17
146400           17
146600           17
146800           17
147000           17
147200           17
147400           17
147600           17
147800           17
148000           17
148200           17
148400           17
148600           17
148800           17
149000           17
149200           17
149400           17
149600           17
149800           17
150000           17
150200           17
150400           17
150600           17
150800           17
151000           17
151200           17
151400           17
151600           17
151800           17
152000           17
152200           17
152400           17
152600           17
152800           17
153000           17
153200           17
153400           17
153600           17
153800           17
154000           17
154200           17
154400           17
154600           17
154800           17
155000           17
155200           17
155400           17
155600           17
155800           17
156000           17
156200           17
156400           17
156600           17
156800           17
157000           17
157200           17
157400           17
157600           17
157800           17
158000           17
158200           17
158400           17
158600           17
158800           17
159000           17
159200           17
159400           17
159600           17
159800           17
160000           17
160200           17
160400           17
160600           17
160800           17
161000           17
161200           17
161400           17
161600           17
161800           17
162000           17
162200           17
162400           17
162600           17
162800           17
163000           17
163200           17
163400           17
163600           17
163800           17
164000           17
164200           17
164400           17
164600           17
164800           17
165000           17
165200           17
165400           17
165600           17
165800           17
166000           17
166200           17
166400           17
166600           17
166800           17
167000           17
167200           17
167400           17
167600           17
167800           17
168000           17
168200           17
168400           17
168600           17
168800           17
169000           17
169200           17
169400           17
169600           17
169800           17
170000           17
170200           17
170400           17
170600           17
170800           17
171000           17
171200           17
171400           17
171600           17
171800           17
172000           17
172200           17
172400           17
172600           17
172800           17
173000           17
173200           17
173400           17
173600           17
173800           17
174000           17
174200           17
174400           17
174600           17
174800           17
175000           17
175200           17
175400           17
175600           17
175800           17
176000           17
176200           17
176400           17
176600           17
176800           17
177000           17
177200           17
177400           17
177600           17
177800           17
178000           17
178200           17
178400           17
178600           17
178800           17
179000           17
179200           17
179400           17
179600           17
179800           17
180000           17
180200           17
180400           17
180600           17
180800           17
181000           17
181200           17
181400           17
181600           17
181800           17
182000           17
182200           17
182400           17
182600           17
182800           17
183000           17
183200           17
183400           17
183600           17
183800           17
184000           17
184200           17
184400           17
184600           17
184800           17
185000           17
185200           17
185400           17
185600           17
185800           17
186000           17
186200           17
186400           17
186600           17
186800           17
187000           17
187200           17
187400           17
187600           17
187800           17
188000           17
188200           17
188400           17
188600           17
188800           17
189000           17
189200           17
189400           17
189600           17
189800           17
190000           17
190200           17
190400           17
190600           17
190800           17
191000           17
191200           17
191400           17
191600           17
191800           17
192000           17
192200           17
192400           17
192600           17
192800           17
193000           17
193200           17
193400           17
193600           17
193800           17
194000           17
194200           17
194400           17
194600           17
194800           17
195000           17
195200           17
195400           17
195600           17
195800           17
196000           17
196200           17
196400           17
196600           17
196800           17
197000           17
197200           17
197400           17
197600           17
197800           17
198000           17
198200           17
198400           17
198600           17
198800           17
199000           17
199200           17
199400           17
199600           17
199800           17
200000           17
200200           17
200400           17
200600           17
200800           17
201000           17
201200           17
201400           17
201600           17
201800           17
202000           17
202200           17
202400           17
202600           17
202800           17
203000           17
203200           17
203400           17
203600           17
203800           17
204000           17
204200           17
204400           17
204600           17
204800           17
205000           17
205200           17
205400           17
205600           17
205800           17
206000           17
206200           17
206400           17
206600           17
206800           17
207000           17
207200           17
207400           17
207600           17
207800           17
208000           17
208200           17
208400           17
208600           17
208800           17
209000           17
209200           17
209400           17
209600           17
209800           17
210000           17
210200           17
210400           17
210600           17
210800           17
211000           17
211200           17
211400           17
211600           17
211800           17
212000           17
212200           17
212400           17
212600           17
212800           17
213000           17
213200           17
213400           17
213600           17
213800           17
214000           17
214200           17
214400           17
214600           17
214800           17
215000           17
215200           17
215400           17
215600           17
215800           17
216000           17
216200           17
216400           17
216600           17
216800           17
217000           17
217200           17
217400           17
217600           17
217800           17
218000           17
218200           17
218400           17
218600           17
218800           17
219000           17
219200           17
219400           17
219600           17
219800           17
220000           17
220200           17
220400           17
220600           17
220800           17
221000           17
221200           17
221400           17
221600           17
221800           17
222000           17
222200           17
222400           17
222600           17
222800           17
223000           17
223200           17
223400           17
223600           17
223800           17
224000           17
224200           17
224400           17
224600           17
224800           17
225000           17
225200           17
225400           17
225600           17
225800           17
226000           17
226200           17
226400           17
226600           17
226800           17
227000           17
227200           17
227400           17
227600           17
227800           17
228000           17
228200           17
228400           17
228600           17
228800           17
229000           17
229200           17
229400           17
229600           17
229800           17
230000           17
230200           17
230400           17
230600           17
230800           17
231000           17
231200           17
231400           17
231600           17
231800           17
232000           17
232200           17
232400           17
232600           17
232800           17
233000           17
233200           17
233400           17
233600           17
233800           17
234000           17
234200           17
234400           17
234600           17
234800           17
235000           17
235200           17
235400           17
235600           17
235800           17
236000           17
236200           17
236400           17
236600           17
236800           17
237000           17
237200           17
237400           17
237600           17
237800           17
238000           17
238200           17
238400           17
238600           17
238800           17
239000           17
239200           17
239400           17
239600           17
239800           17
240000           17
240200           17
240400           17
240600           17
240800           17
241000           17
241200           17
241400           17
241600           17
241800           17
242000           17
242200           17
242400           17
242600           17
242800           17
243000           17
243200           17
243400           17
243600           17
243800           17
244000           17
244200           17
244400           17
244600           17
244800           17
245000           17
245200           17
245400           17
245600           17
245800           17
246000           17
246200           17
246400           17
246600           17
246800           17
247000           17
247200           17
247400           17
247600           17
247800           17
248000           17
248200           17
248400           17
248600           17
248800           17
249000           17
249200           17
249400           17
249600           17
249800           17
250000           17
250200           17
250400           17
250600           17
250800           17
251000           17
251200           17
251400           17
251600           17
251800           17
252000           17
252200           17
252400           17
252600           17
252800           17
253000           17
253200           17
253400           17
253600           17
253800           17
254000           17
254200           17
254400           17
254600           17
254800           17
255000           17
255200           17
255400           17
255600           17
255800           17
256000           17
256200           17
256400           17
256600           17
256800           17
257000           17
257200           17
257400           17
257600           17
257800           17
258000           17
258200           17
258400           17
258600           17
258800           17
259000           17
259200           17
259400           17
259600           17
259800           17
260000           17
260200           17
260400           17
260600           17
260800           17
261000           17
261200           17
261400           17
261600           17
261800           17
262000           17
262200           17
262400           17
262600           17
262800           17
263000           17
263200           17
263400           17
263600           17
263800           17
264000           17
264200           17
264400           17
264600           17
264800           17
265000           17
265200           17
265400           17
265600           17
265800           17
266000           17
266200           17
266400           17
266600           17
266800           17
267000           17
267200           17
267400           17
267600           17
267800           17
268000           17
268200           17
268400           17
268600           17
268800           17
269000           17
269200           17
269400           17
269600           17
269800           17
270000           17
270200           17
270400           17
270600           17
270800           17
271000           17
271200           17
271400           17
271600           17
271800           17
272000           17
272200           17
272400           17
272600           17
272800           17
273000           17
273200           17
273400           17
273600           17
273800           17
274000           17
274200           17
274400           17
274600           17
274800           17
275000           17
275200           17
275400           17
275600           17
275800           17
276000           17
276200           17
276400           17
276600           17
276800           17
277000           17
277200           17
277400           17
277600           17
277800           17
278000           17
278200           17
278400           17
278600           17
278800           17
279000           17
279200           17
279400           17
279600           17
279800           17
280000           17
280200           17
280400           17
280600           17
280800           17
281000           17
281200           17
281400           17
281600           17
281800           17
282000           17
282200           17
282400           17
282600           17
282800           17
283000           17
283200           17
283400           17
283600           17
283800           17
284000           17
284200           17
284400           17
284600           17
284800           17
285000           17
285200           17
285400           17
285600           17
285800           17
286000           17
286200           17
286400           17
286600           17
286800           17
287000           17
287200           17
287400           17
287600           17
287800           17
288000           17
288200           17
288400           17
288600           17
288800           17
289000           17
289200           17
289400           17
289600           17
289800           17
290000           17
290200           17
290400           17
290600           17
290800           17
291000           17
291200           17
291400           18
291600           18
291800           18
292000           18
292200           18
292400           18
292600           18
292800           18
293000           18
293200           18
293400           18
293600           18
293800           18
294000           18
294200           18
294400           18
294600           18
294800           18
295000           18
295200           18
295400           18
295600           18
295800           18
296000           18
296200           18
296400           18
296600           18
296800           18
297000           18
297200           18
297400           18
297600           18
297800           18
298000           18
298200           18
298400           18
298600           18
298800           18
299000           18
299200           18
299400           18
299600           18
299800           18
300000           18
300200           18
300400           18
300600           18
300800           18
301000           18
301200           18
301400           18
301600           18
301800           18
302000           18
302200           18
302400           18
302600           18
302800           18
303000           18
303200           18
303400           18
303600           18
303800           18
304000           18
304200           18
304400           18
304600           18
304800           18
305000           18
305200           18
305400           18
305600           18
305800           18
306000           18
306200           18
306400           18
306600           18
306800           18
307000           18
307200           18
307400           18
307600           18
307800           18
308000           18
308200           18
308400           18
308600           18
308800           18
309000           18
309200           18
309400           18
309600           18
309800           18
310000           18
310200           18
310400           18
310600           18
310800           18
311000           18
311200           18
311400           18
311600           18
311800           18
312000           18
312200           18
312400           18
312600           18
312800           18
313000           18
313200           18
313400           18
313600           18
313800           18
314000           18
314200           18
314400           18
314600           18
314800           18
315000           18
315200           18
315400           18
315600           18
315800           18
316000           18
316200           18
316400           18
316600           18
316800           18
317000           18
317200           18
317400           18
317600           18
317800           18
318000           18
318200           18
318400           18
318600           18
318800           18
319000           18
319200           18
319400           18
319600           18
319800           18
320000           18
320200           18
320400           18
320600           18
320800           18
321000           18
321200           18
321400           18
321600           18
321800           18
322000           18
322200           18
322400           18
322600           18
322800           18
323000           18
323200           18
323400           18
323600           18
323800           18
324000           18
324200           18
324400           18
324600           18
324800           18
325000           18
325200           18
325400           18
325600           18
325800           18
326000           18
326200           18
326400           18
326600           18
326800           18
327000           18
327200           18
327400           18
327600           18
327800           18
328000           18
328200           18
328400           18
328600           18
328800           18
329000           18
329200           18
329400           18
329600           18
329800           18
330000           18
330200           18
330400           18
330600           18
330800           18
331000           18
331200           18
331400           18
331600           18
331800           18
332000           18
332200           18
332400           18
332600           18
332800           18
333000           18
333200           18
333400           18
333600           18
333800           18
334000           18
334200           18
334400           18
334600           18
334800           18
335000           18
335200           18
335400           18
335600           18
335800           18
336000           18
336200           18
336400           18
336600           18
336800           18
337000           18
337200           18
337400           18
337600           18
337800           18
338000           18
338200           18
338400           18
338600           18
338800           18
339000           18
339200           18
339400           18
339600           18
339800           18
340000           18
340200           18
340400           18
340600           18
340800           18
341000           18
341200           18
341400           18
341600           18
341800           18
342000           18
342200           18
342400           18
342600           18
342800           18
343000           18
343200           18
343400           18
343600           18
343800           18
344000           18
344200           18
344400           18
344600           18
344800           18
345000           18
345200           18
345400           18
345600           18
345800           18
346000           18
346200           18
346400           18
346600           18
346800           18
347000           18
347200           18
347400           18
347600           18
347800           18
348000           18
348200           18
348400           18
348600           18
348800           18
349000           18
349200           18
349400           18
349600           18
349800           18
350000           18
350200           18
350400           18
350600           18
350800           18
351000           18
351200           18
351400           18
351600           18
351800           18
352000           18
352200           18
352400           18
352600           18
352800           18
353000           18
353200           18
353400           18
353600           18
353800           18
354000           18
354200           18
354400           18
354600           18
354800           18
355000           18
355200           18
355400           18
355600           18
355800           18
356000           18
356200           18
356400           18
356600           18
356800           18
357000           18
357200           18
357400           18
357600           18
357800           18
358000           18
358200           18
358400           18
358600           18
358800           18
359000           18
359200           18
359400           18
359600           18
359800           18
360000           18
360200           18
360400           18
360600           18
360800           18
361000           18
361200           18
361400           18
361600           18
361800           18
362000           18
362200           18
362400           18
362600           18
362800           18
363000           18
363200           18
363400           18
363600           18
363800           18
364000           18
364200           18
364400           18
364600           18
364800           18
365000           18
365200           18
365400           18
365600           18
365800           18
366000           18
366200           18
366400           18
366600           18
366800           18
367000           18
367200           18
367400           18
367600           18
367800           18
368000           18
368200           18
368400           18
368600           18
368800           18
369000           18
369200           18
369400           18
369600           18
369800           18
370000           18
370200           18
370400           18
370600           18
370800           18
371000           18
371200           18
371400           18
371600           18
371800           18
372000           18
372200           18
372400           18
372600           18
372800           18
373000           18
373200           18
373400           18
373600           18
373800           18
374000           18
374200           18
374400           18
374600           18
374800           18
375000           18
375200           18
375400           18
375600           18
375800           18
376000           18
376200           18
376400           18
376600           18
376800           18
377000           18
377200           18
377400           18
377600           18
377800           18
378000           18
378200           18
378400           18
378600           18
378800           18
379000           18
379200           18
379400           18
379600           18
379800           18
380000           18
380200           18
380400           18
380600           18
380800           18
381000           18
381200           18
381400           18
381600           18
381800           18
382000           18
382200           18
382400           18
382600           18
382800           18
383000           18
383200           18
383400           18
383600           18
383800           18
384000           18
384200           18
384400           18
384600           18
384800           18
385000           18
385200           18
385400           18
385600           18
385800           18
386000           18
386200           18
386400           18
386600           18
386800           18
387000           18
387200           18
387400           18
387600           18
387800           18
388000           18
388200           18
388400           18
388600           18
388800           18
389000           18
389200           18
389400           18
389600           18
389800           18
390000           18
390200           18
390400           18
390600           18
390800           18
391000           18
391200           18
391400           18
391600           18
391800           18
392000           18
392200           18
392400           18
392600           18
392800           18
393000           18
393200           18
393400           18
393600           18
393800           18
394000           18
394200           18
394400           18
394600           18
394800           18
395000           18
395200           18
395400           18
395600           18
395800           18
396000           18
396200           18
396400           18
396600           18
396800           18
397000           18
397200           18
397400           18
397600           18
397800           18
398000           18
398200           18
398400           18
398600           18
398800           18
399000           18
399200           18
399400           18
399600           18
399800           18
400000           18
400200           18
400400           18
400600           18
400800           18
401000           18
401200           18
401400           18
401600           18
401800           18
402000           18
402200           18
402400           18
402600           18
402800           18
403000           18
403200           18
403400           18
403600           18
403800           18
404000           18
404200           18
404400           18
404600           18
404800           18
405000           18
405200           18
405400           18
405600           18
405800           18
406000           18
406200           18
406400           18
406600           18
406800           18
407000           18
407200           18
407400           18
407600           18
407800           18
408000           18
408200           18
408400           18
408600           18
408800           18
409000           18
409200           18
409400           18
409600           18
409800           18
410000           18
410200           18
410400           18
410600           18
410800           18
411000           18
411200           18
411400           18
411600           18
411800           18
412000           18
412200           18
412400           18
412600           18
412800           18
413000           18
413200           18
413400           18
413600           18
413800           18
414000           18
414200           18
414400           18
414600           18
414800           18
415000           18
415200           18
415400           18
415600           18
415800           18
416000           18
416200           18
416400           18
416600           18
416800           18
417000           18
417200           18
417400           18
417600           18
417800           18
418000           18
418200           18
418400           18
418600           18
418800           18
419000           18
419200           18
419400           18
419600           18
419800           18
420000           18
420200           18
420400           18
420600           18
420800           18
421000           18
421200           18
421400           18
421600           18
421800           18
422000           18
422200           18
422400           18
422600           18
422800           18
423000           18
423200           18
423400           18
423600           18
423800           18
424000           18
424200           18
424400           18
424600           18
424800           18
425000           18
425200           18
425400           18
425600           18
425800           18
426000           18
426200           18
426400           18
426600           18
426800           18
427000           18
427200           18
427400           18
427600           18
427800           18
428000           18
428200           18
428400           18
428600           18
428800           18
429000           18
429200           18
429400           18
429600           18
429800           18
430000           18
430200           18
430400           18
430600           18
430800           18
431000           18
431200           18
431400           18
431600           18
431800           18
432000           18
432200           18
432400           18
432600           18
432800           18
433000           18
433200           18
433400           18
433600           18
433800           18
434000           18
434200           18
434400           18
434600           18
434800           18
435000           18
435200           18
435400           18
435600           18
435800           18
436000           18
436200           18
436400           18
436600           18
436800           18
437000           18
437200           18
437400           18
437600           18
437800           18
438000           18
438200           18
438400           18
438600           18
438800           18
439000           18
439200           18
439400           18
439600           18
439800           18
440000           18
440200           18
440400           18
440600           18
440800           18
441000           18
441200           18
441400           18
441600           18
441800           18
442000           18
442200           18
442400           18
442600           18
442800           18
443000           18
443200           18
443400           18
443600           18
443800           18
444000           18
444200           18
444400           18
444600           18
444800           18
445000           18
445200           18
445400           18
445600           18
445800           18
446000           18
446200           18
446400           18
446600           18
446800           18
447000           18
447200           18
447400           18
447600           18
447800           18
448000           18
448200           18
448400           18
448600           18
448800           18
449000           18
449200           18
449400           18
449600           18
449800           18
450000           18
450200           18
450400           18
450600           18
450800           18
451000           18
451200           18
451400           18
451600           18
451800           18
452000           18
452200           18
452400           18
452600           18
452800           18
453000           18
453200           18
453400           18
453600           18
453800           18
454000           18
454200           18
454400           18
454600           18
454800           18
455000           18
455200           18
455400           18
455600           18
455800           18
456000           18
456200           18
456400           18
456600           18
456800           18
457000           18
457200           18
457400           18
457600           18
457800           18
458000           18
458200           18
458400           18
458600           18
458800           18
459000           18
459200           18
459400           18
459600           18
459800           18
460000           18
460200           18
460400           18
460600           18
460800           18
461000           18
461200           18
461400           18
461600           18
461800           18
462000           18
462200           18
462400           18
462600           18
462800           18
463000           18
463200           18
463400           18
463600           18
463800           18
464000           18
464200           18
464400           18
464600           18
464800           18
465000           18
465200           18
465400           18
465600           18
465800           18
466000           18
466200           18
466400           18
466600           18
466800           18
467000           18
467200           18
467400           18
467600           18
467800           18
468000           18
468200           18
468400           18
468600           18
468800           18
469000           18
469200           18
469400           18
469600           18
469800           18
470000           18
470200           18
470400           18
470600           18
470800           18
471000           18
471200           18
471400           18
471600           18
471800           18
472000           18
472200           18
472400           18
472600           18
472800           18
473000           18
473200           18
473400           18
473600           18
473800           18
474000           18
474200           18
474400           18
474600           18
474800           18
475000           18
475200           18
475400           18
475600           18
475800           18
476000           18
476200           18
476400           18
476600           18
476800           18
477000           18
477200           18
477400           18
477600           18
477800           18
478000           18
478200           18
478400           18
478600           18
478800           18
479000           18
479200           18
479400           18
479600           18
479800           18
480000           18
480200           18
480400           18
480600           18
480800           18
481000           18
481200           18
481400           18
481600           18
481800           18
482000           18
482200           18
482400           18
482600           18
482800           18
483000           18
483200           18
483400           18
483600           18
483800           18
484000           18
484200           18
484400           18
484600           18
484800           18
485000           18
485200           18
485400           18
485600           18
485800           18
486000           18
486200           18
486400           18
486600           18
486800           18
487000           18
487200           18
487400           18
487600           18
487800           18
488000           18
488200           18
488400           18
488600           18
488800           18
489000           18
489200           18
489400           18
489600           18
489800           18
490000           18
490200           18
490400           18
490600           18
490800           18
491000           18
491200           18
491400           18
491600           18
491800           18
492000           18
492200           18
492400           18
492600           18
492800           18
493000           18
493200           18
493400           18
493600           18
493800           18
494000           18
494200           18
494400           18
494600           18
494800           18
495000           18
495200           18
495400           18
495600           18
495800           18
496000           18
496200           18
496400           18
496600           18
496800           18
497000           18
497200           18
497400           18
497600           18
497800           18
498000           18
498200           18
498400           18
498600           18
498800           18
499000           18
499200           18
499400           18
499600           18
499800           18
500000           18
500200           18
500400           18
500600           18
500800           18
501000           18
501200           18
501400           18
501600           18
501800           18
502000           18
502200           18
502400           18
502600           18
502800           18
503000           18
503200           18
503400           18
503600           18
503800           18
504000           18
504200           18
504400           18
504600           18
504800           18
505000           18
505200           18
505400           18
505600           18
505800           18
506000           18
506200           18
506400           18
506600           18
506800           18
507000           18
507200           18
507400           18
507600           18
507800           18
508000           18
508200           18
508400           18
508600           18
508800           18
509000           18
509200           18
509400           18
509600           18
509800           18
510000           18
510200           18
510400           18
510600           18
510800           18
511000           18
511200           18
511400           18
511600           18
511800           18
512000           18
512200           18
512400           18
512600           18
512800           18
513000           18
513200           18
513400           18
513600           18
513800           18
514000           18
514200           18
514400           18
514600           18
514800           18
515000           18
515200           18
515400           18
515600           18
515800           18
516000           18
516200           18
516400           18
516600           18
516800           18
517000           18
517200           18
517400           18
517600           18
517800           18
518000           18
518200           18
518400           18
518600           18
518800           18
519000           18
519200           18
519400           18
519600           18
519800           18
520000           18
520200           18
520400           18
520600           18
520800           18
521000           18
521200           18
521400           18
521600           18
521800           18
522000           18
522200           18
522400           18
522600           18
522800           18
523000           18
523200           18
523400           18
523600           18
523800           18
524000           18
524200           18
524400           18
524600           18
524800           18
525000           18
525200           18
525400           18
525600           18
525800           18
526000           18
526200           18
526400           18
526600           18
526800           18
527000           18
527200           18
527400           18
527600           18
527800           18
528000           18
528200           18
528400           18
528600           18
528800           18
529000           18
529200           18
529400           18
529600           18
529800           18
530000           18
530200           18
530400           18
530600           18
530800           18
531000           18
531200           18
531400           18
531600           18
531800           18
532000           18
532200           18
532400           18
532600           18
532800           18
533000           18
533200           18
533400           18
533600           18
533800           18
534000           18
534200           18
534400           18
534600           18
534800           18
535000           18
535200           18
535400           18
535600           18
535800           18
536000           18
536200           18
536400           18
536600           18
536800           18
537000           18
537200           18
537400           18
537600           18
537800           18
538000           18
538200           18
538400           18
538600           18
538800           18
539000           18
539200           18
539400           18
539600           18
539800           18
540000           18
540200           18
540400           18
540600           18
540800           18
541000           18
541200           18
541400           18
541600           18
541800           18
542000           18
542200           18
542400           18
542600           18
542800           18
543000           18
543200           18
543400           18
543600           18
543800           18
544000           18
544200           18
544400           18
544600           18
544800           18
545000           18
545200           18
545400           18
545600           18
545800           18
546000           18
546200           18
546400           18
546600           18
546800           18
547000           18
547200           18
547400           18
547600           18
547800           18
548000           18
548200           18
548400           18
548600           18
548800           18
549000           18
549200           18
549400           18
549600           18
549800           18
550000           18
550200           18
550400           18
550600           18
550800           18
551000           18
551200           18
551400           18
551600           18
551800           18
552000           18
552200           18
552400           18
552600           18
552800           18
553000           18
553200           18
553400           18
553600           18
553800           18
554000           18
554200           18
554400           18
554600           18
554800           18
555000           18
555200           18
555400           18
555600           18
555800           18
556000           18
556200           18
556400           18
556600           18
556800           18
557000           18
557200           18
557400           18
557600           18
557800           18
558000           18
558200           18
558400           18
558600           18
558800           18
559000           18
559200           18
559400           18
559600           18
559800           18
560000           18
560200           18
560400           18
560600           18
560800           18
561000           18
561200           18
561400           18
561600           18
561800           18
562000           18
562200           18
562400           18
562600           18
562800           18
563000           18
563200           18
563400           18
563600           18
563800           18
564000           18
564200           18
564400           18
564600           18
564800           18
565000           18
565200           18
565400           18
565600           18
565800           18
566000           18
566200           18
566400           18
566600           18
566800           18
567000           18
567200           18
567400           18
567600           18
567800           18
568000           18
568200           18
568400           18
568600           18
568800           18
569000           18
569200           18
569400           18
569600           18
569800           18
570000           18
570200           18
570400           18
570600           18
570800           18
571000           18
571200           18
571400           18
571600           18
571800           18
572000           18
572200           18
572400           18
572600           18
572800           18
573000           18
573200           18
573400           18
573600           18
573800           18
574000           18
574200           18
574400           18
574600           18
574800           18
575000           18
575200           18
575400           18
575600           18
575800           18
576000           18
576200           18
576400           18
576600           18
576800           18
577000           18
577200           18
577400           18
577600           18
577800           18
578000           18
578200           18
578400           18
578600           18
578800           18
579000           18
579200           18
579400           18
579600           18
579800           18
580000           18
580200           18
580400           18
580600           18
580800           18
581000           18
581200           18
581400           18
581600           18
581800           18
582000           18
582200           18
582400           18
582600           19
582800           19
583000           19
583200           19
583400           19
583600           19
583800           19
584000           19
584200           19
584400           19
584600           19
584800           19
585000           19
585200           19
585400           19
585600           19
585800           19
586000           19
586200           19
586400           19
586600           19
586800           19
587000           19
587200           19
587400           19
587600           19
587800           19
588000           19
588200           19
588400           19
588600           19
588800           19
589000           19
589200           19
589400           19
589600           19
589800           19
590000           19
590200           19
590400           19
590600           19
590800           19
591000           19
591200           19
591400           19
591600           19
591800           19
592000           19
592200           19
592400           19
592600           19
592800           19
593000           19
593200           19
593400           19
593600           19
593800           19
594000           19
594200           19
594400           19
594600           19
594800           19
595000           19
595200           19
595400           19
595600           19
595800           19
596000           19
596200           19
596400           19
596600           19
596800           19
597000           19
597200           19
597400           19
597600           19
597800           19
598000           19
598200           19
598400           19
598600           19
598800           19
599000           19
599200           19
599400           19
599600           19
599800           19
600000           19
600200           19
600400           19
600600           19
600800           19
601000           19
601200           19
601400           19
601600           19
601800           19
602000           19
602200           19
602400           19
602600           19
602800           19
603000           19
603200           19
603400           19
603600           19
603800           19
604000           19
604200           19
604400           19
604600           19
604800           19
605000           19
605200           19
605400           19
605600           19
605800           19
606000           19
606200           19
606400           19
606600           19
606800           19
607000           19
607200           19
607400           19
607600           19
607800           19
608000           19
608200           19
608400           19
608600           19
608800           19
609000           19
609200           19
609400           19
609600           19
609800           19
610000           19
610200           19
610400           19
610600           19
610800           19
611000           19
611200           19
611400           19
611600           19
611800           19
612000           19
612200           19
612400           19
612600           19
612800           19
613000           19
613200           19
613400           19
613600           19
613800           19
614000           19
614200           19
614400           19
614600           19
614800           19
615000           19
615200           19
615400           19
615600           19
615800           19
616000           19
616200           19
616400           19
616600           19
616800           19
617000           19
617200           19
617400           19
617600           19
617800           19
618000           19
618200           19
618400           19
618600           19
618800           19
619000           19
619200           19
619400           19
619600           19
619800           19
620000           19
620200           19
620400           19
620600           19
620800           19
621000           19
621200           19
621400           19
621600           19
621800           19
622000           19
622200           19
622400           19
622600           19
622800           19
623000           19
623200           19
623400           19
623600           19
623800           19
624000           19
624200           19
624400           19
624600           19
624800           19
625000           19
625200           19
625400           19
625600           19
625800           19
626000           19
626200           19
626400           19
626600           19
626800           19
627000           19
627200           19
627400           19
627600           19
627800           19
628000           19
628200           19
628400           19
628600           19
628800           19
629000           19
629200           19
629400           19
629600           19
629800           19
630000           19
630200           19
630400           19
630600           19
630800           19
631000           19
631200           19
631400           19
631600           19
631800           19
632000           19
632200           19
632400           19
632600           19
632800           19
633000           19
633200           19
633400           19
633600           19
633800           19
634000           19
634200           19
634400           19
634600           19
634800           19
635000           19
635200           19
635400           19
635600           19
635800           19
636000           19
636200           19
636400           19
636600           19
636800           19
637000           19
637200           19
637400           19
637600           19
637800           19
638000           19
638200           19
638400           19
638600           19
638800           19
639000           19
639200           19
639400           19
639600           19
639800           19
640000           19
640200           19
640400           19
640600           19
640800           19
641000           19
641200           19
641400           19
641600           19
641800           19
642000           19
642200           19
642400           19
642600           19
642800           19
643000           19
643200           19
643400           19
643600           19
643800           19
644000           19
644200           19
644400           19
644600           19
644800           19
645000           19
645200           19
645400           19
645600           19
645800           19
646000           19
646200           19
646400           19
646600           19
646800           19
647000           19
647200           19
647400           19
647600           19
647800           19
648000           19
648200           19
648400           19
648600           19
648800           19
649000           19
649200           19
649400           19
649600           19
649800           19
650000           19
650200           19
650400           19
650600           19
650800           19
651000           19
651200           19
651400           19
651600           19
651800           19
652000           19
652200           19
652400           19
652600           19
652800           19
653000           19
653200           19
653400           19
653600           19
653800           19
654000           19
654200           19
654400           19
654600           19
654800           19
655000           19
655200           19
655400           19
655600           19
655800           19
656000           19
656200           19
656400           19
656600           19
656800           19
657000           19
657200           19
657400           19
657600           19
657800           19
658000           19
658200           19
658400           19
658600           19
658800           19
659000           19
659200           19
659400           19
659600           19
659800           19
660000           19
660200           19
660400           19
660600           19
660800           19
661000           19
661200           19
661400           19
661600           19
661800           19
662000           19
662200           19
662400           19
662600           19
662800           19
663000           19
663200           19
663400           19
663600           19
663800           19
664000           19
664200           19
664400           19
664600           19
664800           19
665000           19
665200           19
665400           19
665600           19
665800           19
666000           19
666200           19
666400           19
666600           19
666800           19
667000           19
667200           19
667400           19
667600           19
667800           19
668000           19
668200           19
668400           19
668600           19
668800           19
669000           19
669200           19
669400           19
669600           19
669800           19
670000           19
670200           19
670400           19
670600           19
670800           19
671000           19
671200           19
671400           19
671600           19
671800           19
672000           19
672200           19
672400           19
672600           19
672800           19
673000           19
673200           19
673400           19
673600           19
673800           19
674000           19
674200           19
674400           19
674600           19
674800           19
675000           19
675200           19
675400           19
675600           19
675800           19
676000           19
676200           19
676400           19
676600           19
676800           19
677000           19
677200           19
677400           19
677600           19
677800           19
678000           19
678200           19
678400           19
678600           19
678800           19
679000           19
679200           19
679400           19
679600           19
679800           19
680000           19
680200           19
680400           19
680600           19
680800           19
681000           19
681200           19
681400           19
681600           19
681800           19
682000           19
682200           19
682400           19
682600           19
682800           19
683000           19
683200           19
683400           19
683600           19
683800           19
684000           19
684200           19
684400           19
684600           19
684800           19
685000           19
685200           19
685400           19
685600           19
685800           19
686000           19
686200           19
686400           19
686600           19
686800           19
687000           19
687200           19
687400           19
687600           19
687800           19
688000           19
688200           19
688400           19
688600           19
688800           19
689000           19
689200           19
689400           19
689600           19
689800           19
690000           19
690200           19
690400           19
690600           19
690800           19
691000           19
691200           19
691400           19
691600           19
691800           19
692000           19
692200           19
692400           19
692600           19
692800           19
693000           19
693200           19
693400           19
693600           19
693800           19
694000           19
694200           19
694400           19
694600           19
694800           19
695000           19
695200           19
695400           19
695600           19
695800           19
696000           19
696200           19
696400           19
696600           19
696800           19
697000           19
697200           19
697400           19
697600           19
697800           19
698000           19
698200           19
698400           19
698600           19
698800           19
699000           19
699200           19
699400           19
699600           19
699800           19
700000           19
700200           19
700400           19
700600           19
700800           19
701000           19
701200           19
701400           19
701600           19
701800           19
702000           19
702200           19
702400           19
702600           19
702800           19
703000           19
703200           19
703400           19
703600           19
703800           19
704000           19
704200           19
704400           19
704600           19
704800           19
705000           19
705200           19
705400           19
705600           19
705800           19
706000           19
706200           19
706400           19
706600           19
706800           19
707000           19
707200           19
707400           19
707600           19
707800           19
708000           19
708200           19
708400           19
708600           19
708800           19
709000           19
709200           19
709400           19
709600           19
709800           19
710000           19
710200           19
710400           19
710600           19
710800           19
711000           19
711200           19
711400           19
711600           19
711800           19
712000           19
712200           19
712400           19
712600           19
712800           19
713000           19
713200           19
713400           19
713600           19
713800           19
714000           19
714200           19
714400           19
714600           19
714800           19
715000           19
715200           19
715400           19
715600           19
715800           19
716000           19
716200           19
716400           19
716600           19
716800           19
717000           19
717200           19
717400           19
717600           19
717800           19
718000           19
718200           19
718400           19
718600           19
718800           19
719000           19
719200           19
719400           19
719600           19
719800           19
720000           19
720200           19
720400           19
720600           19
720800           19
721000           19
721200           19
721400           19
721600           19
721800           19
722000           19
722200           19
722400           19
722600           19
722800           19
723000           19
723200           19
723400           19
723600           19
723800           19
724000           19
724200           19
724400           19
724600           19
724800           19
725000           19
725200           19
725400           19
725600           19
725800           19
726000           19
726200           19
726400           19
726600           19
726800           19
727000           19
727200           19
727400           19
727600           19
727800           19
728000           19
728200           19
728400           19
728600           19
728800           19
729000           19
729200           19
729400           19
729600           19
729800           19
730000           19
730200           19
730400           19
730600           19
730800           19
731000           19
731200           19
731400           19
731600           19
731800           19
732000           19
732200           19
732400           19
732600           19
732800           19
733000           19
733200           19
733400           19
733600           19
733800           19
734000           19
734200           19
734400           19
734600           19
734800           19
735000           19
735200           19
735400           19
735600           19
735800           19
736000           19
736200           19
736400           19
736600           19
736800           19
737000           19
737200           19
737400           19
737600           19
737800           19
738000           19
738200           19
738400           19
738600           19
738800           19
739000           19
739200           19
739400           19
739600           19
739800           19
740000           19
740200           19
740400           19
740600           19
740800           19
741000           19
741200           19
741400           19
741600           19
741800           19
742000           19
742200           19
742400           19
742600           19
742800           19
743000           19
743200           19
743400           19
743600           19
743800           19
744000           19
744200           19
744400           19
744600           19
744800           19
745000           19
745200           19
745400           19
745600           19
745800           19
746000           19
746200           19
746400           19
746600           19
746800           19
747000           19
747200           19
747400           19
747600           19
747800           19
748000           19
748200           19
748400           19
748600           19
748800           19
749000           19
749200           19
749400           19
749600           19
749800           19
750000           19
750200           19
750400           19
750600           19
750800           19
751000           19
751200           19
751400           19
751600           19
751800           19
752000           19
752200           19
752400           19
752600           19
752800           19
753000           19
753200           19
753400           19
753600           19
753800           19
754000           19
754200           19
754400           19
754600           19
754800           19
755000           19
755200           19
755400           19
755600           19
755800           19
756000           19
756200           19
756400           19
756600           19
756800           19
757000           19
757200           19
757400           19
757600           19
757800           19
758000           19
758200           19
758400           19
758600           19
758800           19
759000           19
759200           19
759400           19
759600           19
759800           19
760000           19
760200           19
760400           19
760600           19
760800           19
761000           19
761200           19
761400           19
761600           19
761800           19
762000           19
762200           19
762400           19
762600           19
762800           19
763000           19
763200           19
763400           19
763600           19
763800           19
764000           19
764200           19
764400           19
764600           19
764800           19
765000           19
765200           19
765400           19
765600           19
765800           19
766000           19
766200           19
766400           19
766600           19
766800           19
767000           19
767200           19
767400           19
767600           19
767800           19
768000           19
768200           19
768400           19
768600           19
768800           19
769000           19
769200           19
769400           19
769600           19
769800           19
770000           19
770200           19
770400           19
770600           19
770800           19
771000           19
771200           19
771400           19
771600           19
771800           19
772000           19
772200           19
772400           19
772600           19
772800           19
773000           19
773200           19
773400           19
773600           19
773800           19
774000           19
774200           19
774400           19
774600           19
774800           19
775000           19
775200           19
775400           19
775600           19
775800           19
776000           19
776200           19
776400           19
776600           19
776800           19
777000           19
777200           19
777400           19
777600           19
777800           19
778000           19
778200           19
778400           19
778600           19
778800           19
779000           19
779200           19
779400           19
779600           19
779800           19
780000           19
780200           19
780400           19
780600           19
780800           19
781000           19
781200           19
781400           19
781600           19
781800           19
782000           19
782200           19
782400           19
782600           19
782800           19
783000           19
783200           19
783400           19
783600           19
783800           19
784000           19
784200           19
784400           19
784600           19
784800           19
785000           19
785200           19
785400           19
785600           19
785800           19
786000           19
786200           19
786400           19
786600           19
786800           19
787000           19
787200           19
787400           19
787600           19
787800           19
788000           19
788200           19
788400           19
788600           19
788800           19
789000           19
789200           19
789400           19
789600           19
789800           19
790000           19
790200           19
790400           19
790600           19
790800           19
791000           19
791200           19
791400           19
791600           19
791800           19
792000           19
792200           19
792400           19
792600           19
792800           19
793000           19
793200           19
793400           19
793600           19
793800           19
794000           19
794200           19
794400           19
794600           19
794800           19
795000           19
795200           19
795400           19
795600           19
795800           19
796000           19
796200           19
796400           19
796600           19
796800           19
797000           19
797200           19
797400           19
797600           19
797800           19
798000           19
798200           19
798400           19
798600           19
798800           19
799000           19
799200           19
799400           19
799600           19
799800           19
800000           19
800200           19
800400           19
800600           19
800800           19
801000           19
801200           19
801400           19
801600           19
801800           19
802000           19
802200           19
802400           19
802600           19
802800           19
803000           19
803200           19
803400           19
803600           19
803800           19
804000           19
804200           19
804400           19
804600           19
804800           19
805000           19
805200           19
805400           19
805600           19
805800           19
806000           19
806200           19
806400           19
806600           19
806800           19
807000           19
807200           19
807400           19
807600           19
807800           19
808000           19
808200           19
808400           19
808600           19
808800           19
809000           19
809200           19
809400           19
809600           19
809800           19
810000           19
810200           19
810400           19
810600           19
810800           19
811000           19
811200           19
811400           19
811600           19
811800           19
812000           19
812200           19
812400           19
812600           19
812800           19
813000           19
813200           19
813400           19
813600           19
813800           19
814000           19
814200           19
814400           19
814600           19
814800           19
815000           19
815200           19
815400           19
815600           19
815800           19
816000           19
816200           19
816400           19
816600           19
816800           19
817000           19
817200           19
817400           19
817600           19
817800           19
818000           19
818200           19
818400           19
818600           19
818800           19
819000           19
819200           19
819400           19
819600           19
819800           19
820000           19
820200           19
820400           19
820600           19
820800           19
821000           19
821200           19
821400           19
821600           19
821800           19
822000           19
822200           19
822400           19
822600           19
822800           19
823000           19
823200           19
823400           19
823600           19
823800           19
824000           19
824200           19
824400           19
824600           19
824800           19
825000           19
825200           19
825400           19
825600           19
825800           19
826000           19
826200           19
826400           19
826600           19
826800           19
827000           19
827200           19
827400           19
827600           19
827800           19
828000           19
828200           19
828400           19
828600           19
828800           19
829000           19
829200           19
829400           19
829600           19
829800           19
830000           19
830200           19
830400           19
830600           19
830800           19
831000           19
831200           19
831400           19
831600           19
831800           19
832000           19
832200           19
832400           19
832600           19
832800           19
833000           19
833200           19
833400           19
833600           19
833800           19
834000           19
834200           19
834400           19
834600           19
834800           19
835000           19
835200           19
835400           19
835600           19
835800           19
836000           19
836200           19
836400           19
836600           19
836800           19
837000           19
837200           19
837400           19
837600           19
837800           19
838000           19
838200           19
838400           19
838600           19
838800           19
839000           19
839200           19
839400           19
839600           19
839800           19
840000           19
840200           19
840400           19
840600           19
840800           19
841000           19
841200           19
841400           19
841600           19
841800           19
842000           19
842200           19
842400           19
842600           19
842800           19
843000           19
843200           19
843400           19
843600           19
843800           19
844000           19
844200           19
844400           19
844600           19
844800           19
845000           19
845200           19
845400           19
845600           19
845800           19
846000           19
846200           19
846400           19
846600           19
846800           19
847000           19
847200           19
847400           19
847600           19
847800           19
848000           19
848200           19
848400           19
848600           19
848800           19
849000           19
849200           19
849400           19
849600           19
849800           19
850000           19
850200           19
850400           19
850600           19
850800           19
851000           19
851200           19
851400           19
851600           19
851800           19
852000           19
852200           19
852400           19
852600           19
852800           19
853000           19
853200           19
853400           19
853600           19
853800           19
854000           19
854200           19
854400           19
854600           19
854800           19
855000           19
855200           19
855400           19
855600           19
855800           19
856000           19
856200           19
856400           19
856600           19
856800           19
857000           19
857200           19
857400           19
857600           19
857800           19
858000           19
858200           19
858400           19
858600           19
858800           19
859000           19
859200           19
859400           19
859600           19
859800           19
860000           19
860200           19
860400           19
860600           19
860800           19
861000           19
861200           19
861400           19
861600           19
861800           19
862000           19
862200           19
862400           19
862600           19
862800           19
863000           19
863200           19
863400           19
863600           19
863800           19
864000           19
864200           19
864400           19
864600           19
864800           19
865000           19
865200           19
865400           19
865600           19
865800           19
866000           19
866200           19
866400           19
866600           19
866800           19
867000           19
867200           19
867400           19
867600           19
867800           19
868000           19
868200           19
868400           19
868600           19
868800           19
869000           19
869200           19
869400           19
869600           19
869800           19
870000           19
870200           19
870400           19
870600           19
870800           19
871000           19
871200           19
871400           19
871600           19
871800           19
872000           19
872200           19
872400           19
872600           19
872800           19
873000           19
873200           19
873400           19
873600           19
873800           19
874000           19
874200           19
874400           19
874600           19
874800           19
875000           19
875200           19
875400           19
875600           19
875800           19
876000           19
876200           19
876400           19
876600           19
876800           19
877000           19
877200           19
877400           19
877600           19
877800           19
878000           19
878200           19
878400           19
878600           19
878800           19
879000           19
879200           19
879400           19
879600           19
879800           19
880000           19
880200           19
880400           19
880600           19
880800           19
881000           19
881200           19
881400           19
881600           19
881800           19
882000           19
882200           19
882400           19
882600           19
882800           19
883000           19
883200           19
883400           19
883600           19
883800           19
884000           19
884200           19
884400           19
884600           19
884800           19
885000           19
885200           19
885400           19
885600           19
885800           19
886000           19
886200           19
886400           19
886600           19
886800           19
887000           19
887200           19
887400           19
887600           19
887800           19
888000           19
888200           19
888400           19
888600           19
888800           19
889000           19
889200           19
889400           19
889600           19
889800           19
890000           19
890200           19
890400           19
890600           19
890800           19
891000           19
891200           19
891400           19
891600           19
891800           19
892000           19
892200           19
892400           19
892600           19
892800           19
893000           19
893200           19
893400           19
893600           19
893800           19
894000           19
894200           19
894400           19
894600           19
894800           19
895000           19
895200           19
895400           19
895600           19
895800           19
896000           19
896200           19
896400           19
896600           19
896800           19
897000           19
897200           19
897400           19
897600           19
897800           19
898000           19
898200           19
898400           19
898600           19
898800           19
899000           19
899200           19
899400           19
899600           19
899800           19
900000           19
900200           19
900400           19
900600           19
900800           19
901000           19
901200           19
901400           19
901600           19
901800           19
902000           19
902200           19
902400           19
902600           19
902800           19
903000           19
903200           19
903400           19
903600           19
903800           19
904000           19
904200           19
904400           19
904600           19
904800           19
905000           19
905200           19
905400           19
905600           19
905800           19
906000           19
906200           19
906400           19
906600           19
906800           19
907000           19
907200           19
907400           19
907600           19
907800           19
908000           19
908200           19
908400           19
908600           19
908800           19
909000           19
909200           19
909400           19
909600           19
909800           19
910000           19
910200           19
910400           19
910600           19
910800           19
911000           19
911200           19
911400           19
911600           19
911800           19
912000           19
912200           19
912400           19
912600           19
912800           19
913000           19
913200           19
913400           19
913600           19
913800           19
914000           19
914200           19
914400           19
914600           19
914800           19
915000           19
915200           19
915400           19
915600           19
915800           19
916000           19
916200           19
916400           19
916600           19
916800           19
917000           19
917200           19
917400           19
917600           19
917800           19
918000           19
918200           19
918400           19
918600           19
918800           19
919000           19
919200           19
919400           19
919600           19
919800           19
920000           19
920200           19
920400           19
920600           19
920800           19
921000           19
921200           19
921400           19
921600           19
921800           19
922000           19
922200           19
922400           19
922600           19
922800           19
923000           19
923200           19
923400           19
923600           19
923800           19
924000           19
924200           19
924400           19
924600           19
924800           19
925000           19
925200           19
925400           19
925600           19
925800           19
926000           19
926200           19
926400           19
926600           19
926800           19
927000           19
927200           19
927400           19
927600           19
927800           19
928000           19
928200           19
928400           19
928600           19
928800           19
929000           19
929200           19
929400           19
929600           19
929800           19
930000           19
930200           19
930400           19
930600           19
930800           19
931000           19
931200           19
931400           19
931600           19
931800           19
932000           19
932200           19
932400           19
932600           19
932800           19
933000           19
933200           19
933400           19
933600           19
933800           19
934000           19
934200           19
934400           19
934600           19
934800           19
935000           19
935200           19
935400           19
935600           19
935800           19
936000           19
936200           19
936400           19
936600           19
936800           19
937000           19
937200           19
937400           19
937600           19
937800           19
938000           19
938200           19
938400           19
938600           19
938800           19
939000           19
939200           19
939400           19
939600           19
939800           19
940000           19
940200           19
940400           19
940600           19
940800           19
941000           19
941200           19
941400           19
941600           19
941800           19
942000           19
942200           19
942400           19
942600           19
942800           19
943000           19
943200           19
943400           19
943600           19
943800           19
944000           19
944200           19
944400           19
944600           19
944800           19
945000           19
945200           19
945400           19
945600           19
945800           19
946000           19
946200           19
946400           19
946600           19
946800           19
947000           19
947200           19
947400           19
947600           19
947800           19
948000           19
948200           19
948400           19
948600           19
948800           19
949000           19
949200           19
949400           19
949600           19
949800           19
950000           19
950200           19
950400           19
950600           19
950800           19
951000           19
951200           19
951400           19
951600           19
951800           19
952000           19
952200           19
952400           19
952600           19
952800           19
953000           19
953200           19
953400           19
953600           19
953800           19
954000           19
954200           19
954400           19
954600           19
954800           19
955000           19
955200           19
955400           19
955600           19
955800           19
956000           19
956200           19
956400           19
956600           19
956800           19
957000           19
957200           19
957400           19
957600           19
957800           19
958000           19
958200           19
958400           19
958600           19
958800           19
959000           19
959200           19
959400           19
959600           19
959800           19
960000           19
960200           19
960400           19
960600           19
960800           19
961000           19
961200           19
961400           19
961600           19
961800           19
962000           19
962200           19
962400           19
962600           19
962800           19
963000           19
963200           19
963400           19
963600           19
963800           19
964000           19
964200           19
964400           19
964600           19
964800           19
965000           19
965200           19
965400           19
965600           19
965800           19
966000           19
966200           19
966400           19
966600           19
966800           19
967000           19
967200           19
967400           19
967600           19
967800           19
968000           19
968200           19
968400           19
968600           19
968800           19
969000           19
969200           19
969400           19
969600           19
969800           19
970000           19
970200           19
970400           19
970600           19
970800           19
971000           19
971200           19
971400           19
971600           19
971800           19
972000           19
972200           19
972400           19
972600           19
972800           19
973000           19
973200           19
973400           19
973600           19
973800           19
974000           19
974200           19
974400           19
974600           19
974800           19
975000           19
975200           19
975400           19
975600           19
975800           19
976000           19
976200           19
976400           19
976600           19
976800           19
977000           19
977200           19
977400           19
977600           19
977800           19
978000           19
978200           19
978400           19
978600           19
978800           19
979000           19
979200           19
979400           19
979600           19
979800           19
980000           19
980200           19
980400           19
980600           19
980800           19
981000           19
981200           19
981400           19
981600           19
981800           19
982000           19
982200           19
982400           19
982600           19
982800           19
983000           19
983200           19
983400           19
983600           19
983800           19
984000           19
984200           19
984400           19
984600           19
984800           19
985000           19
985200           19
985400           19
985600           19
985800           19
986000           19
986200           19
986400           19
986600           19
986800           19
987000           19
987200           19
987400           19
987600           19
987800           19
988000           19
988200           19
988400           19
988600           19
988800           19
989000           19
989200           19
989400           19
989600           19
989800           19
990000           19
990200           19
990400           19
990600           19
990800           19
991000           19
991200           19
991400           19
991600           19
991800           19
992000           19
992200           19
992400           19
992600           19
992800           19
993000           19
993200           19
993400           19
993600           19
993800           19
994000           19
994200           19
994400           19
994600           19
994800           19
995000           19
995200           19
995400           19
995600           19
995800           19
996000           19
996200           19
996400           19
996600           19
996800           19
997000           19
997200           19
997400           19
997600           19
997800           19
998000           19
998200           19
998400           19
998600           19
998800           19
999000           19
999200           19
999400           19
999600           19
999800           19
