Lp.   Start hashsize  Avg.time put                                                                                                                                                    Avg.time get                                                                                                                                                   
                      a=1 b=3         a=2 b=9         a=4 b=27        a=8 b=81        a=16 b=243      a=32 b=729      a=64 b=2187     a=128 b=6561    a=256 b=19683   a=512 b=59049   a=1 b=3         a=2 b=9         a=4 b=27        a=8 b=81        a=16 b=243      a=32 b=729      a=64 b=2187     a=128 b=6561    a=256 b=19683   a=512 b=59049  
1     512             84182200        84182200        84182200        83510500        83413800        83413800        83413800        83413800        83413800        83413800        79175100        77312400        74959400        74110700        72722900        72339200        71465700        71465700        70786300        70682300       
2     1024            84182200        84182200        84182200        83510500        83413800        83413800        83413800        83413800        83413800        83413800        79175100        77312400        74959400        74110700        72722900        72339200        71465700        71465700        70786300        70682300       
3     2048            84182200        84182200        84182200        83510500        83413800        83413800        83413800        83413800        83413800        83413800        79175100        77312400        74959400        74110700        72722900        72339200        71465700        71465700        70786300        70682300       
4     4096            84182200        84182200        84182200        83510500        83413800        83413800        83413800        83413800        83413800        83413800        79175100        77312400        74959400        74110700        72722900        72339200        71465700        71465700        70786300        70682300       
5     8192            84182200        84182200        84182200        83510500        83413800        83413800        83413800        83413800        83413800        83413800        79175100        77312400        74959400        74110700        72722900        72339200        71465700        71465700        70786300        70682300       
6     16384           84182200        84182200        84182200        83510500        83413800        83413800        83413800        83413800        83413800        83413800        79175100        77312400        74959400        74110700        72722900        72339200        71465700        71465700        70786300        70682300       
7     32768           84182200        84182200        84182200        83510500        83413800        83413800        83413800        83413800        83413800        83413800        79175100        77312400        74959400        74110700        72722900        72339200        71465700        71465700        70786300        70682300       
8     65536           84182200        84182200        84182200        83510500        83413800        83413800        83413800        83413800        83413800        83413800        79175100        77312400        74959400        74110700        72722900        72339200        71465700        71465700        70786300        70682300       
9     131072          84182200        84182200        84182200        83510500        83413800        83413800        83413800        83413800        83413800        83413800        79175100        77312400        74959400        74110700        72722900        72339200        71465700        71465700        70786300        70682300       
10    262144          84182200        84182200        84182200        83510500        83413800        83413800        83413800        83413800        83413800        83413800        79175100        77312400        74959400        74110700        72722900        72339200        71465700        71465700        70786300        70682300       
